SplineFontDB: 3.2
FontName: QwarsSymbos-Regular
FullName: Qwars Symbos
FamilyName: Qwars Symbos
Weight: Regular
Copyright: Copyright (c) 2021, Alexandr Selunin
UComments: "2021-3-8: Created with FontForge (http://fontforge.org)"
Version: 001.000
ItalicAngle: 0
UnderlinePosition: -25.088
UnderlineWidth: 12.8
Ascent: 448
Descent: 64
InvalidEm: 0
sfntRevision: 0x00010000
LayerCount: 2
Layer: 0 0 "+BBcEMAQ0BD0EOAQ5 +BD8EOwQwBD0A" 1
Layer: 1 0 "+BB8ENQRABDUENAQ9BDgEOQAA +BD8EOwQwBD0A" 0
XUID: [1021 872 390242198 1830360]
StyleMap: 0x0000
FSType: 0
OS2Version: 3
OS2_WeightWidthSlopeOnly: 0
OS2_UseTypoMetrics: 1
CreationTime: 1615207208
ModificationTime: 1615538346
PfmFamily: 17
TTFWeight: 400
TTFWidth: 5
LineGap: 24
VLineGap: 0
Panose: 2 0 5 3 0 0 0 0 0 0
OS2TypoAscent: 459
OS2TypoAOffset: 0
OS2TypoDescent: -33
OS2TypoDOffset: 0
OS2TypoLinegap: 24
OS2WinAscent: 236
OS2WinAOffset: 0
OS2WinDescent: 33
OS2WinDOffset: 0
HheadAscent: 229
HheadAOffset: 0
HheadDescent: -33
HheadDOffset: 0
OS2SubXSize: 170
OS2SubYSize: 183
OS2SubXOff: 0
OS2SubYOff: 36
OS2SupXSize: 170
OS2SupYSize: 183
OS2SupXOff: 0
OS2SupYOff: 125
OS2StrikeYSize: 13
OS2StrikeYPos: 68
OS2CapHeight: 216
OS2XHeight: 161
OS2Vendor: 'PfEd'
MarkAttachClasses: 1
DEI: 91125
LangName: 1033
GaspTable: 1 65535 2 0
Encoding: UnicodeFull
UnicodeInterp: none
NameList: AGL For New Fonts
DisplaySize: -48
AntiAlias: 1
FitToEm: 0
WinInfo: 9944 22 20
BeginPrivate: 0
EndPrivate
TeXData: 1 0 0 177167 88584 59056 0 536871 59056 783286 444596 497025 792723 393216 433062 380633 303038 157286 324010 404750 52429 2506097 1059062 262144
BeginChars: 1114112 30

StartChar: u1F50D
Encoding: 128269 128269 0
Width: 512
Flags: HW
LayerCount: 2
Fore
SplineSet
507.75 -21 m 2
 513.75 -26 513.75 -32 507.75 -38 c 2
 485.75 -60 l 2
 479.75 -66 473.75 -66 468.75 -60 c 2
 347.75 61 l 2
 344.75 64 343.75 66 343.75 69 c 2
 343.75 83 l 1
 304.75 49 258.75 32 207.75 32 c 0
 150.75 32 101.75 52 60.75 93 c 128
 19.75 134 -0.25 183 -0.25 240 c 128
 -0.25 297 19.75 346 60.75 387 c 128
 101.75 428 150.75 448 207.75 448 c 128
 264.75 448 313.75 428 354.75 387 c 128
 395.75 346 415.75 297 415.75 240 c 0
 415.75 189 398.75 143 364.75 104 c 1
 378.75 104 l 2
 381.75 104 384.75 103 386.75 100 c 2
 507.75 -21 l 2
207.75 80 m 128
 251.75 80 289.75 96 320.75 127 c 128
 351.75 158 367.75 196 367.75 240 c 128
 367.75 284 351.75 322 320.75 353 c 128
 289.75 384 251.75 400 207.75 400 c 128
 163.75 400 125.75 384 94.75 353 c 128
 63.75 322 47.75 284 47.75 240 c 128
 47.75 196 63.75 158 94.75 127 c 128
 125.75 96 163.75 80 207.75 80 c 128
EndSplineSet
Comment: "search find right-pointing"
EndChar

StartChar: u1F50E
Encoding: 128270 128270 1
Width: 512
Flags: HW
LayerCount: 2
Fore
SplineSet
4.25 -21 m 6
 -1.75 -26 -1.75 -32 4.25 -38 c 6
 26.25 -60 l 6
 32.25 -66 38.25 -66 43.25 -60 c 6
 164.25 61 l 6
 167.25 64 168.25 66 168.25 69 c 6
 168.25 83 l 5
 207.25 49 253.25 32 304.25 32 c 4
 361.25 32 410.25 52 451.25 93 c 132
 492.25 134 512.25 183 512.25 240 c 132
 512.25 297 492.25 346 451.25 387 c 132
 410.25 428 361.25 448 304.25 448 c 132
 247.25 448 198.25 428 157.25 387 c 132
 116.25 346 96.25 297 96.25 240 c 4
 96.25 189 113.25 143 147.25 104 c 5
 133.25 104 l 6
 130.25 104 127.25 103 125.25 100 c 6
 4.25 -21 l 6
304.25 80 m 132
 260.25 80 222.25 96 191.25 127 c 132
 160.25 158 144.25 196 144.25 240 c 132
 144.25 284 160.25 322 191.25 353 c 132
 222.25 384 260.25 400 304.25 400 c 132
 348.25 400 386.25 384 417.25 353 c 132
 448.25 322 464.25 284 464.25 240 c 132
 464.25 196 448.25 158 417.25 127 c 132
 386.25 96 348.25 80 304.25 80 c 132
EndSplineSet
Comment: "search find left-pointing"
EndChar

StartChar: uni2715
Encoding: 10005 10005 2
Width: 352
Flags: HW
LayerCount: 2
Fore
SplineSet
243 192 m 1
 343 92 l 2
 349 86 352 78.6666666667 352 70 c 128
 352 61.3333333333 349 53.6666666667 343 47 c 2
 321 25 l 2
 314.333333333 19 306.666666667 16 298 16 c 128
 289.333333333 16 282 19 276 25 c 2
 176 125 l 1
 76 25 l 2
 70 19 62.6666666667 16 54 16 c 128
 45.3333333333 16 37.6666666667 19 31 25 c 2
 9 47 l 2
 3 53.6666666667 0 61.3333333333 0 70 c 128
 0 78.6666666667 3 86 9 92 c 2
 109 192 l 1
 9 292 l 2
 3 298 0 305.333333333 0 314 c 128
 0 322.666666667 3 330.333333333 9 337 c 2
 31 359 l 2
 37.6666666667 365 45.3333333333 368 54 368 c 128
 62.6666666667 368 70 365 76 359 c 2
 176 259 l 1
 276 359 l 2
 282 365 289.333333333 368 298 368 c 128
 306.666666667 368 314.333333333 365 321 359 c 2
 343 337 l 2
 349 330.333333333 352 322.666666667 352 314 c 128
 352 305.333333333 349 298 343 292 c 2
 243 192 l 1
EndSplineSet
Comment: "delete remove times"
EndChar

StartChar: equivalence
Encoding: 8801 8801 3
Width: 448
Flags: HW
LayerCount: 2
Fore
SplineSet
16 316 m 2
 11.3333333333 316 7.5 317.5 4.5 320.5 c 128
 1.5 323.5 0 327.333333333 0 332 c 2
 0 372 l 2
 0 376.666666667 1.5 380.5 4.5 383.5 c 128
 7.5 386.5 11.3333333333 388 16 388 c 2
 432 388 l 2
 436.666666667 388 440.5 386.5 443.5 383.5 c 128
 446.5 380.5 448 376.666666667 448 372 c 2
 448 332 l 2
 448 327.333333333 446.5 323.5 443.5 320.5 c 128
 440.5 317.5 436.666666667 316 432 316 c 2
 16 316 l 2
16 156 m 2
 11.3333333333 156 7.5 157.5 4.5 160.5 c 128
 1.5 163.5 0 167.333333333 0 172 c 2
 0 212 l 2
 0 216.666666667 1.5 220.5 4.5 223.5 c 128
 7.5 226.5 11.3333333333 228 16 228 c 2
 432 228 l 2
 436.666666667 228 440.5 226.5 443.5 223.5 c 128
 446.5 220.5 448 216.666666667 448 212 c 2
 448 172 l 2
 448 167.333333333 446.5 163.5 443.5 160.5 c 128
 440.5 157.5 436.666666667 156 432 156 c 2
 16 156 l 2
16 -4 m 2
 11.3333333333 -4 7.5 -2.5 4.5 0.5 c 128
 1.5 3.5 0 7.33333333333 0 12 c 2
 0 52 l 2
 0 56.6666666667 1.5 60.5 4.5 63.5 c 128
 7.5 66.5 11.3333333333 68 16 68 c 2
 432 68 l 2
 436.666666667 68 440.5 66.5 443.5 63.5 c 128
 446.5 60.5 448 56.6666666667 448 52 c 2
 448 12 l 2
 448 7.33333333333 446.5 3.5 443.5 0.5 c 128
 440.5 -2.5 436.666666667 -4 432 -4 c 2
 16 -4 l 2
EndSplineSet
Comment: "bars menu navigation nav list"
EndChar

StartChar: uni22F3
Encoding: 8947 8947 4
Width: 512
Flags: HW
LayerCount: 2
Fore
SplineSet
497 175 m 2
 329 7 l 2
 321.666666667 -0.333333333333 313 -2 303 2 c 128
 293 6 288 13.3333333333 288 24 c 2
 288 120 l 1
 152 120 l 2
 145.333333333 120 139.666666667 122.333333333 135 127 c 128
 130.333333333 131.666666667 128 137.333333333 128 144 c 2
 128 240 l 2
 128 246.666666667 130.333333333 252.333333333 135 257 c 128
 139.666666667 261.666666667 145.333333333 264 152 264 c 2
 288 264 l 1
 288 360 l 2
 288 370.666666667 293 378 303 382 c 128
 313 386 321.666666667 384.333333333 329 377 c 2
 497 209 l 2
 501.666666667 204.333333333 504 198.666666667 504 192 c 128
 504 185.333333333 501.666666667 179.666666667 497 175 c 2
192 12 m 2
 192 4 188 0 180 0 c 2
 96 0 l 2
 69.3333333333 0 46.6666666667 9.33333333333 28 28 c 128
 9.33333333333 46.6666666667 0 69.3333333333 0 96 c 2
 0 288 l 2
 0 314.666666667 9.33333333333 337.333333333 28 356 c 128
 46.6666666667 374.666666667 69.3333333333 384 96 384 c 2
 180 384 l 2
 188 384 192 380 192 372 c 2
 192 332 l 2
 192 324 188 320 180 320 c 2
 96 320 l 2
 87.3333333333 320 79.8333333333 316.833333333 73.5 310.5 c 128
 67.1666666667 304.166666667 64 296.666666667 64 288 c 2
 64 96 l 2
 64 87.3333333333 67.1666666667 79.8333333333 73.5 73.5 c 128
 79.8333333333 67.1666666667 87.3333333333 64 96 64 c 2
 180 64 l 2
 188 64 192 60 192 52 c 2
 192 12 l 2
EndSplineSet
Comment: "exit arrow"
EndChar

StartChar: uni22FB
Encoding: 8955 8955 5
Width: 512
Flags: HW
LayerCount: 2
Fore
SplineSet
416 0 m 2
 332 0 l 2
 324 0 320 4 320 12 c 2
 320 52 l 2
 320 60 324 64 332 64 c 2
 416 64 l 2
 424.666666667 64 432.166666667 67.1666666667 438.5 73.5 c 128
 444.833333333 79.8333333333 448 87.3333333333 448 96 c 2
 448 288 l 2
 448 296.666666667 444.833333333 304.166666667 438.5 310.5 c 128
 432.166666667 316.833333333 424.666666667 320 416 320 c 2
 332 320 l 2
 324 320 320 324 320 332 c 2
 320 372 l 2
 320 380 324 384 332 384 c 2
 416 384 l 2
 442.666666667 384 465.333333333 374.666666667 484 356 c 128
 502.666666667 337.333333333 512 314.666666667 512 288 c 2
 512 96 l 2
 512 69.3333333333 502.666666667 46.6666666667 484 28 c 128
 465.333333333 9.33333333333 442.666666667 0 416 0 c 2
369 201 m 2
 373.666666667 196.333333333 376 190.666666667 376 184 c 128
 376 177.333333333 373.666666667 171.666666667 369 167 c 2
 201 -1 l 2
 193.666666667 -8.33333333333 185 -10 175 -6 c 128
 165 -2 160 5.33333333333 160 16 c 2
 160 112 l 1
 24 112 l 2
 17.3333333333 112 11.6666666667 114.333333333 7 119 c 128
 2.33333333333 123.666666667 0 129.333333333 0 136 c 2
 0 232 l 2
 0 238.666666667 2.33333333333 244.333333333 7 249 c 128
 11.6666666667 253.666666667 17.3333333333 256 24 256 c 2
 160 256 l 1
 160 352 l 2
 160 362.666666667 165 370 175 374 c 128
 185 378 193.666666667 376.333333333 201 369 c 2
 369 201 l 2
EndSplineSet
Comment: "enter arrow"
EndChar

StartChar: uni21BA
Encoding: 8634 8634 6
Width: 512
Flags: HW
LayerCount: 2
Fore
SplineSet
256 440 m 0
 300.666666667 440 342 429 380 407 c 128
 418 385 448.166666667 354.833333333 470.5 316.5 c 128
 492.833333333 278.166666667 504 236.666666667 504 192 c 0
 504 123.333333333 479.833333333 64.8333333333 431.5 16.5 c 128
 383.166666667 -31.8333333333 324.666666667 -56 256 -56 c 0
 192.666666667 -56 137.333333333 -34.6666666667 90 8 c 0
 83.3333333333 13.3333333333 83 19 89 25 c 2
 129 65 l 2
 134.333333333 70.3333333333 139.666666667 70.6666666667 145 66 c 0
 177 38 214 24 256 24 c 0
 302.666666667 24 342.166666667 40.3333333333 374.5 73 c 128
 406.833333333 105.666666667 423.333333333 145 424 191 c 0
 424.666666667 238.333333333 408.166666667 278.5 374.5 311.5 c 128
 340.833333333 344.5 301 360.666666667 255 360 c 0
 211 359.333333333 173 344.333333333 141 315 c 1
 183 273 l 2
 190.333333333 265.666666667 192 257 188 247 c 128
 184 237 176.666666667 232 166 232 c 2
 32 232 l 2
 25.3333333333 232 19.6666666667 234.333333333 15 239 c 128
 10.3333333333 243.666666667 8 249.333333333 8 256 c 2
 8 390 l 2
 8 400.666666667 13 408 23 412 c 128
 33 416 41.6666666667 414.333333333 49 407 c 2
 85 371 l 1
 132.333333333 417 189.333333333 440 256 440 c 0
EndSplineSet
Comment: "undo arrow"
EndChar

StartChar: uni21BB
Encoding: 8635 8635 7
Width: 512
Flags: HW
LayerCount: 2
Fore
SplineSet
256 440 m 0
 322.666666667 440 379.666666667 417 427 371 c 1
 463 407 l 2
 470.333333333 414.333333333 479 416 489 412 c 128
 499 408 504 400.666666667 504 390 c 2
 504 256 l 2
 504 249.333333333 501.666666667 243.666666667 497 239 c 128
 492.333333333 234.333333333 486.666666667 232 480 232 c 2
 346 232 l 2
 335.333333333 232 328 237 324 247 c 128
 320 257 321.666666667 265.666666667 329 273 c 2
 371 315 l 1
 339 344.333333333 301 359.333333333 257 360 c 0
 211 360.666666667 171.166666667 344.5 137.5 311.5 c 128
 103.833333333 278.5 87.3333333333 238.333333333 88 191 c 0
 88.6666666667 145 105.166666667 105.666666667 137.5 73 c 128
 169.833333333 40.3333333333 209.333333333 24 256 24 c 0
 298 24 335 38 367 66 c 0
 372.333333333 70.6666666667 377.666666667 70.3333333333 383 65 c 2
 423 25 l 2
 429 19 428.666666667 13.3333333333 422 8 c 0
 374.666666667 -34.6666666667 319.333333333 -56 256 -56 c 0
 187.333333333 -56 128.833333333 -31.8333333333 80.5 16.5 c 128
 32.1666666667 64.8333333333 8 123.333333333 8 192 c 128
 8 260.666666667 32.3333333333 319.166666667 81 367.5 c 128
 129.666666667 415.833333333 188 440 256 440 c 0
EndSplineSet
Comment: "rredo arrow"
EndChar

StartChar: uni27F2
Encoding: 10226 10226 8
Width: 512
Flags: HW
LayerCount: 2
Fore
SplineSet
371 315 m 5
 338.333333333 345 300 360 256 360 c 4
 217.333333333 360 182.833333333 348.166666667 152.5 324.5 c 132
 122.166666667 300.833333333 102.333333333 270.333333333 93 233 c 4
 91.6666666667 227 87.6666666667 224 81 224 c 6
 24 224 l 6
 20 224 16.8333333333 225.5 14.5 228.5 c 132
 12.1666666667 231.5 11.3333333333 234.666666667 12 238 c 4
 23.3333333333 296 51.8333333333 344.166666667 97.5 382.5 c 132
 143.166666667 420.833333333 196 440 256 440 c 4
 322 440 379 417 427 371 c 5
 463 407 l 6
 470.333333333 414.333333333 479 416 489 412 c 132
 499 408 504 400.666666667 504 390 c 6
 504 256 l 6
 504 249.333333333 501.666666667 243.666666667 497 239 c 132
 492.333333333 234.333333333 486.666666667 232 480 232 c 6
 346 232 l 6
 335.333333333 232 328 237 324 247 c 132
 320 257 321.666666667 265.666666667 329 273 c 6
 371 315 l 5
32 152 m 6
 166 152 l 6
 176.666666667 152 184 147 188 137 c 132
 192 127 190.333333333 118.333333333 183 111 c 6
 141 69 l 5
 173.666666667 39 212 24 256 24 c 4
 281.333333333 24 305.333333333 29.5 328 40.5 c 132
 350.666666667 51.5 370 66.5 386 85.5 c 132
 402 104.5 413 126.333333333 419 151 c 4
 420.333333333 157 424.333333333 160 431 160 c 6
 488 160 l 6
 492 160 495.166666667 158.5 497.5 155.5 c 132
 499.833333333 152.5 500.666666667 149.333333333 500 146 c 4
 488.666666667 88 460.166666667 39.8333333333 414.5 1.5 c 132
 368.833333333 -36.8333333333 316 -56 256 -56 c 4
 190 -56 133 -33 85 13 c 5
 49 -23 l 6
 41.6666666667 -30.3333333333 33 -32 23 -28 c 132
 13 -24 8 -16.6666666667 8 -6 c 6
 8 128 l 6
 8 134.666666667 10.3333333333 140.333333333 15 145 c 132
 19.6666666667 149.666666667 25.3333333333 152 32 152 c 6
EndSplineSet
Comment: "sync redo arrow"
EndChar

StartChar: uni27F3
Encoding: 10227 10227 9
Width: 512
Flags: HW
LayerCount: 2
Fore
SplineSet
141 315 m 5
 173.666992188 345 212 360 256 360 c 4
 294.666992188 360 329.166992188 348.166992188 359.5 324.5 c 132
 389.833007812 300.833007812 409.666992188 270.333007812 419 233 c 4
 420.333007812 227 424.333007812 224 431 224 c 6
 488 224 l 6
 492 224 495.166992188 225.5 497.5 228.5 c 132
 499.833007812 231.5 500.666992188 234.666992188 500 238 c 4
 488.666992188 296 460.166992188 344.166992188 414.5 382.5 c 132
 368.833007812 420.833007812 316 440 256 440 c 4
 190 440 133 417 85 371 c 5
 49 407 l 6
 41.6669921875 414.333007812 33 416 23 412 c 132
 13 408 8 400.666992188 8 390 c 6
 8 256 l 6
 8 249.333007812 10.3330078125 243.666992188 15 239 c 132
 19.6669921875 234.333007812 25.3330078125 232 32 232 c 6
 166 232 l 6
 176.666992188 232 184 237 188 247 c 132
 192 257 190.333007812 265.666992188 183 273 c 6
 141 315 l 5
480 152 m 6
 346 152 l 6
 335.333007812 152 328 147 324 137 c 132
 320 127 321.666992188 118.333007812 329 111 c 6
 371 69 l 5
 338.333007812 39 300 24 256 24 c 4
 230.666992188 24 206.666992188 29.5 184 40.5 c 132
 161.333007812 51.5 142 66.5 126 85.5 c 132
 110 104.5 99 126.333007812 93 151 c 4
 91.6669921875 157 87.6669921875 160 81 160 c 6
 24 160 l 6
 20 160 16.8330078125 158.5 14.5 155.5 c 132
 12.1669921875 152.5 11.3330078125 149.333007812 12 146 c 4
 23.3330078125 88 51.8330078125 39.8330078125 97.5 1.5 c 132
 143.166992188 -36.8330078125 196 -56 256 -56 c 4
 322 -56 379 -33 427 13 c 5
 463 -23 l 6
 470.333007812 -30.3330078125 479 -32 489 -28 c 132
 499 -24 504 -16.6669921875 504 -6 c 6
 504 128 l 6
 504 134.666992188 501.666992188 140.333007812 497 145 c 132
 492.333007812 149.666992188 486.666992188 152 480 152 c 6
EndSplineSet
Comment: "sync undo arrow"
EndChar

StartChar: uni21B6
Encoding: 8630 8630 10
Width: 512
Flags: HW
LayerCount: 2
Fore
SplineSet
8 258 m 2
 184 410 l 2
 192 416.666666667 200.666666667 417.833333333 210 413.5 c 128
 219.333333333 409.166666667 224 402 224 392 c 2
 224 312 l 1
 258.666666667 311.333333333 289.333333333 309.5 316 306.5 c 128
 342.666666667 303.5 368.666666667 297.833333333 394 289.5 c 128
 419.333333333 281.166666667 440.333333333 270.166666667 457 256.5 c 128
 473.666666667 242.833333333 487 225 497 203 c 128
 507 181 512 155.333333333 512 126 c 256
 512 96.6666666667 504 67.8333333333 488 39.5 c 128
 472 11.1666666667 452.333333333 -11.3333333333 429 -28 c 0
 421.666666667 -33.3333333333 414.5 -33.6666666667 407.5 -29 c 128
 400.5 -24.3333333333 398.333333333 -18 401 -10 c 0
 407 10.6666666667 411 29.3333333333 413 46 c 128
 415 62.6666666667 414.833333333 77.3333333333 412.5 90 c 128
 410.166666667 102.666666667 405.5 113.833333333 398.5 123.5 c 128
 391.5 133.166666667 383 141.166666667 373 147.5 c 128
 363 153.833333333 350.333333333 159.166666667 335 163.5 c 128
 319.666666667 167.833333333 303 170.833333333 285 172.5 c 128
 267 174.166666667 246.666666667 175.333333333 224 176 c 1
 224 88 l 2
 224 78 219.333333333 70.8333333333 210 66.5 c 128
 200.666666667 62.1666666667 192 63.3333333333 184 70 c 2
 8 222 l 2
 2.66666666667 226.666666667 0 232.666666667 0 240 c 128
 0 247.333333333 2.66666666667 253.333333333 8 258 c 2
EndSplineSet
Comment: "undo arrow"
EndChar

StartChar: uni21B7
Encoding: 8631 8631 11
Width: 512
Flags: HW
LayerCount: 2
Fore
SplineSet
503 258 m 6
 327 410 l 6
 319 416.666992188 310.333007812 417.833007812 301 413.5 c 132
 291.666992188 409.166992188 287 402 287 392 c 6
 287 312 l 5
 252.333007812 311.333007812 221.666992188 309.5 195 306.5 c 132
 168.333007812 303.5 142.333007812 297.833007812 117 289.5 c 132
 91.6669921875 281.166992188 70.6669921875 270.166992188 54 256.5 c 132
 37.3330078125 242.833007812 24 225 14 203 c 132
 4 181 -1 155.333007812 -1 126 c 260
 -1 96.6669921875 7 67.8330078125 23 39.5 c 132
 39 11.1669921875 58.6669921875 -11.3330078125 82 -28 c 4
 89.3330078125 -33.3330078125 96.5 -33.6669921875 103.5 -29 c 132
 110.5 -24.3330078125 112.666992188 -18 110 -10 c 4
 104 10.6669921875 100 29.3330078125 98 46 c 132
 96 62.6669921875 96.1669921875 77.3330078125 98.5 90 c 132
 100.833007812 102.666992188 105.5 113.833007812 112.5 123.5 c 132
 119.5 133.166992188 128 141.166992188 138 147.5 c 132
 148 153.833007812 160.666992188 159.166992188 176 163.5 c 132
 191.333007812 167.833007812 208 170.833007812 226 172.5 c 132
 244 174.166992188 264.333007812 175.333007812 287 176 c 5
 287 88 l 6
 287 78 291.666992188 70.8330078125 301 66.5 c 132
 310.333007812 62.1669921875 319 63.3330078125 327 70 c 6
 503 222 l 6
 508.333007812 226.666992188 511 232.666992188 511 240 c 132
 511 247.333007812 508.333007812 253.333007812 503 258 c 6
EndSplineSet
Comment: "redo arrow"
EndChar

StartChar: uni2B9C
Encoding: 11164 11164 12
Width: 320
Flags: HW
LayerCount: 2
Fore
SplineSet
35 209 m 2
 229 403 l 2
 233.666666667 407.666666667 239.333333333 410 246 410 c 128
 252.666666667 410 258.333333333 407.666666667 263 403 c 2
 285 381 l 2
 289.666666667 376.333333333 292.166666667 370.666666667 292.5 364 c 128
 292.833333333 357.333333333 290.666666667 351.666666667 286 347 c 2
 131 192 l 1
 286 37 l 2
 290.666666667 32.3333333333 292.833333333 26.6666666667 292.5 20 c 128
 292.166666667 13.3333333333 289.666666667 7.66666666667 285 3 c 2
 263 -19 l 2
 258.333333333 -23.6666666667 252.666666667 -26 246 -26 c 128
 239.333333333 -26 233.666666667 -23.6666666667 229 -19 c 2
 35 175 l 2
 29.6666666667 179.666666667 27 185.333333333 27 192 c 128
 27 198.666666667 29.6666666667 204.333333333 35 209 c 2
EndSplineSet
Comment: "chevron left arrow"
EndChar

StartChar: uni2B9E
Encoding: 11166 11166 13
Width: 320
Flags: HW
LayerCount: 2
Fore
SplineSet
285 175 m 2
 91 -19 l 2
 86.3333333333 -23.6666666667 80.6666666667 -26 74 -26 c 128
 67.3333333333 -26 61.6666666667 -23.6666666667 57 -19 c 2
 35 3 l 2
 30.3333333333 7.66666666667 27.8333333333 13.3333333333 27.5 20 c 128
 27.1666666667 26.6666666667 29.3333333333 32.3333333333 34 37 c 2
 189 192 l 1
 34 347 l 2
 29.3333333333 351.666666667 27.1666666667 357.333333333 27.5 364 c 128
 27.8333333333 370.666666667 30.3333333333 376.333333333 35 381 c 2
 57 403 l 2
 61.6666666667 407.666666667 67.3333333333 410 74 410 c 128
 80.6666666667 410 86.3333333333 407.666666667 91 403 c 2
 285 209 l 2
 290.333333333 204.333333333 293 198.666666667 293 192 c 128
 293 185.333333333 290.333333333 179.666666667 285 175 c 2
EndSplineSet
Comment: "chevron arrow"
EndChar

StartChar: uni2B9D
Encoding: 11165 11165 14
Width: 448
Flags: HW
LayerCount: 2
Fore
SplineSet
241 317 m 2
 435 123 l 2
 439.666666667 118.333333333 442 112.666666667 442 106 c 128
 442 99.3333333333 439.666666667 93.6666666667 435 89 c 2
 413 67 l 2
 408.333333333 62.3333333333 402.666666667 59.8333333333 396 59.5 c 128
 389.333333333 59.1666666667 383.666666667 61.3333333333 379 66 c 2
 224 221 l 1
 69 66 l 2
 64.3333333333 61.3333333333 58.6666666667 59.1666666667 52 59.5 c 128
 45.3333333333 59.8333333333 39.6666666667 62.3333333333 35 67 c 2
 13 89 l 2
 8.33333333333 93.6666666667 6 99.3333333333 6 106 c 128
 6 112.666666667 8.33333333333 118.333333333 13 123 c 2
 207 317 l 2
 211.666666667 322.333333333 217.333333333 325 224 325 c 128
 230.666666667 325 236.333333333 322.333333333 241 317 c 2
EndSplineSet
Comment: "chevron arrow"
EndChar

StartChar: uni2B9F
Encoding: 11167 11167 15
Width: 448
Flags: HW
LayerCount: 2
Fore
SplineSet
207 67 m 2
 13 261 l 2
 8.33333333333 265.666666667 6 271.333333333 6 278 c 128
 6 284.666666667 8.33333333333 290.333333333 13 295 c 2
 35 317 l 2
 39.6666666667 321.666666667 45.3333333333 324.166666667 52 324.5 c 128
 58.6666666667 324.833333333 64.3333333333 322.666666667 69 318 c 2
 224 163 l 1
 379 318 l 2
 383.666666667 322.666666667 389.333333333 324.833333333 396 324.5 c 128
 402.666666667 324.166666667 408.333333333 321.666666667 413 317 c 2
 435 295 l 2
 439.666666667 290.333333333 442 284.666666667 442 278 c 128
 442 271.333333333 439.666666667 265.666666667 435 261 c 2
 241 67 l 2
 236.333333333 61.6666666667 230.666666667 59 224 59 c 128
 217.333333333 59 211.666666667 61.6666666667 207 67 c 2
EndSplineSet
Comment: "chevron arrow"
EndChar

StartChar: uni2B98
Encoding: 11160 11160 16
Width: 512
Flags: HW
LayerCount: 2
Fore
SplineSet
256 -56 m 128
 187.333333333 -56 128.833333333 -31.8333333333 80.5 16.5 c 128
 32.1666666667 64.8333333333 8 123.333333333 8 192 c 128
 8 260.666666667 32.1666666667 319.166666667 80.5 367.5 c 128
 128.833333333 415.833333333 187.333333333 440 256 440 c 128
 324.666666667 440 383.166666667 415.833333333 431.5 367.5 c 128
 479.833333333 319.166666667 504 260.666666667 504 192 c 128
 504 123.333333333 479.833333333 64.8333333333 431.5 16.5 c 128
 383.166666667 -31.8333333333 324.666666667 -56 256 -56 c 128
142 175 m 2
 278 40 l 2
 282.666666667 34.6666666667 288.333333333 32 295 32 c 128
 301.666666667 32 307.333333333 34.6666666667 312 40 c 2
 328 56 l 2
 333.333333333 61.3333333333 336 67.1666666667 336 73.5 c 128
 336 79.8333333333 333.333333333 85.3333333333 328 90 c 2
 227 192 l 1
 328 294 l 2
 333.333333333 298.666666667 336 304.333333333 336 311 c 128
 336 317.666666667 333.333333333 323.333333333 328 328 c 2
 312 344 l 2
 306.666666667 349.333333333 300.833333333 352 294.5 352 c 128
 288.166666667 352 282.666666667 349.333333333 278 344 c 2
 142 209 l 2
 137.333333333 204.333333333 135 198.666666667 135 192 c 128
 135 185.333333333 137.333333333 179.666666667 142 175 c 2
EndSplineSet
Comment: "chevron circle left arrow"
EndChar

StartChar: uni2B9A
Encoding: 11162 11162 17
Width: 512
Flags: HW
LayerCount: 2
Fore
SplineSet
256 440 m 128
 324.666666667 440 383.166666667 415.833333333 431.5 367.5 c 128
 479.833333333 319.166666667 504 260.666666667 504 192 c 128
 504 123.333333333 479.833333333 64.8333333333 431.5 16.5 c 128
 383.166666667 -31.8333333333 324.666666667 -56 256 -56 c 128
 187.333333333 -56 128.833333333 -31.8333333333 80.5 16.5 c 128
 32.1666666667 64.8333333333 8 123.333333333 8 192 c 128
 8 260.666666667 32.1666666667 319.166666667 80.5 367.5 c 128
 128.833333333 415.833333333 187.333333333 440 256 440 c 128
370 209 m 2
 234 344 l 2
 229.333333333 349.333333333 223.666666667 352 217 352 c 128
 210.333333333 352 204.666666667 349.333333333 200 344 c 2
 184 328 l 2
 178.666666667 322.666666667 176 316.833333333 176 310.5 c 128
 176 304.166666667 178.666666667 298.666666667 184 294 c 2
 285 192 l 1
 184 90 l 2
 178.666666667 85.3333333333 176 79.6666666667 176 73 c 128
 176 66.3333333333 178.666666667 60.6666666667 184 56 c 2
 200 40 l 2
 205.333333333 34.6666666667 211.166666667 32 217.5 32 c 128
 223.833333333 32 229.333333333 34.6666666667 234 40 c 2
 370 175 l 2
 374.666666667 179.666666667 377 185.333333333 377 192 c 128
 377 198.666666667 374.666666667 204.333333333 370 209 c 2
EndSplineSet
Comment: "chevron circle right arrow"
EndChar

StartChar: uni2B99
Encoding: 11161 11161 18
Width: 512
Flags: HW
LayerCount: 2
Fore
SplineSet
8 192 m 128
 8 260.666666667 32.1666666667 319.166666667 80.5 367.5 c 128
 128.833333333 415.833333333 187.333333333 440 256 440 c 128
 324.666666667 440 383.166666667 415.833333333 431.5 367.5 c 128
 479.833333333 319.166666667 504 260.666666667 504 192 c 128
 504 123.333333333 479.833333333 64.8333333333 431.5 16.5 c 128
 383.166666667 -31.8333333333 324.666666667 -56 256 -56 c 128
 187.333333333 -56 128.833333333 -31.8333333333 80.5 16.5 c 128
 32.1666666667 64.8333333333 8 123.333333333 8 192 c 128
239 306 m 2
 104 170 l 2
 98.6666666667 165.333333333 96 159.666666667 96 153 c 128
 96 146.333333333 98.6666666667 140.666666667 104 136 c 2
 120 120 l 2
 125.333333333 114.666666667 131.166666667 112 137.5 112 c 128
 143.833333333 112 149.333333333 114.666666667 154 120 c 2
 256 221 l 1
 358 120 l 2
 362.666666667 114.666666667 368.333333333 112 375 112 c 128
 381.666666667 112 387.333333333 114.666666667 392 120 c 2
 408 136 l 2
 413.333333333 141.333333333 416 147.166666667 416 153.5 c 128
 416 159.833333333 413.333333333 165.333333333 408 170 c 2
 273 306 l 2
 268.333333333 310.666666667 262.666666667 313 256 313 c 128
 249.333333333 313 243.666666667 310.666666667 239 306 c 2
EndSplineSet
Comment: "chevron circle up arrow"
EndChar

StartChar: uni2B9B
Encoding: 11163 11163 19
Width: 512
Flags: HW
LayerCount: 2
Fore
SplineSet
504 192 m 128
 504 123.333333333 479.833333333 64.8333333333 431.5 16.5 c 128
 383.166666667 -31.8333333333 324.666666667 -56 256 -56 c 128
 187.333333333 -56 128.833333333 -31.8333333333 80.5 16.5 c 128
 32.1666666667 64.8333333333 8 123.333333333 8 192 c 128
 8 260.666666667 32.1666666667 319.166666667 80.5 367.5 c 128
 128.833333333 415.833333333 187.333333333 440 256 440 c 128
 324.666666667 440 383.166666667 415.833333333 431.5 367.5 c 128
 479.833333333 319.166666667 504 260.666666667 504 192 c 128
273 78 m 2
 408 214 l 2
 413.333333333 218.666666667 416 224.333333333 416 231 c 128
 416 237.666666667 413.333333333 243.333333333 408 248 c 2
 392 264 l 2
 386.666666667 269.333333333 380.833333333 272 374.5 272 c 128
 368.166666667 272 362.666666667 269.333333333 358 264 c 2
 256 163 l 1
 154 264 l 2
 149.333333333 269.333333333 143.666666667 272 137 272 c 128
 130.333333333 272 124.666666667 269.333333333 120 264 c 2
 104 248 l 2
 98.6666666667 242.666666667 96 236.833333333 96 230.5 c 128
 96 224.166666667 98.6666666667 218.666666667 104 214 c 2
 239 78 l 2
 243.666666667 73.3333333333 249.333333333 71 256 71 c 128
 262.666666667 71 268.333333333 73.3333333333 273 78 c 2
EndSplineSet
Comment: "chevron circle down arrow"
EndChar

StartChar: uni2038
Encoding: 8248 8248 20
Width: 256
Flags: HW
LayerCount: 2
Fore
SplineSet
256 396 m 2
 256 392.666666667 254.833333333 389.833333333 252.5 387.5 c 128
 250.166666667 385.166666667 247.333333333 384 244 384 c 0
 188 384 160 368 160 336 c 2
 160 224 l 1
 196 224 l 2
 204 224 208 220 208 212 c 2
 208 172 l 2
 208 164 204 160 196 160 c 2
 160 160 l 1
 160 48 l 2
 160 15.3333333333 188 -0.666666666667 244 0 c 0
 247.333333333 0 250.166666667 -1.16666666667 252.5 -3.5 c 128
 254.833333333 -5.83333333333 256 -8.66666666667 256 -12 c 2
 256 -52 l 2
 256 -55.3333333333 254.833333333 -58.1666666667 252.5 -60.5 c 128
 250.166666667 -62.8333333333 247.333333333 -64 244 -64 c 0
 228.666666667 -64 216 -63.5 206 -62.5 c 128
 196 -61.5 183.5 -58 168.5 -52 c 128
 153.5 -46 140 -37.3333333333 128 -26 c 1
 116 -38 102.333333333 -47 87 -53 c 128
 71.6666666667 -59 59 -62.3333333333 49 -63 c 128
 39 -63.6666666667 26.6666666667 -64 12 -64 c 0
 8.66666666667 -64 5.83333333333 -62.8333333333 3.5 -60.5 c 128
 1.16666666667 -58.1666666667 0 -55.3333333333 0 -52 c 2
 0 -12 l 2
 0 -8.66666666667 1.16666666667 -5.83333333333 3.5 -3.5 c 128
 5.83333333333 -1.16666666667 8.66666666667 0 12 0 c 0
 68 0 96 16 96 48 c 2
 96 160 l 1
 60 160 l 2
 52 160 48 164 48 172 c 2
 48 212 l 2
 48 220 52 224 60 224 c 2
 96 224 l 1
 96 336 l 2
 96 368.666666667 68 384.666666667 12 384 c 0
 10 384 8 384.5 6 385.5 c 128
 4 386.5 2.5 388 1.5 390 c 128
 0.5 392 0 394 0 396 c 2
 0 436 l 2
 0 437.333333333 0.333333333333 438.833333333 1 440.5 c 128
 1.66666666667 442.166666667 2.5 443.5 3.5 444.5 c 128
 4.5 445.5 5.66666666667 446.333333333 7 447 c 128
 8.33333333333 447.666666667 10 448 12 448 c 0
 27.3333333333 448 40 447.5 50 446.5 c 128
 60 445.5 72.5 442 87.5 436 c 128
 102.5 430 116 421.333333333 128 410 c 1
 140 422 153.666666667 431 169 437 c 128
 184.333333333 443 197 446.333333333 207 447 c 128
 217 447.666666667 229.333333333 448 244 448 c 0
 247.333333333 448 250.166666667 446.833333333 252.5 444.5 c 128
 254.833333333 442.166666667 256 439.333333333 256 436 c 2
 256 396 l 2
EndSplineSet
Comment: "cursor input text"
EndChar

StartChar: uni21F5
Encoding: 8693 8693 21
Width: 256
Flags: HW
LayerCount: 2
Fore
SplineSet
214 264 m 5
 224.666992188 264 232 269 236 279 c 132
 240 289 238.333007812 297.666992188 231 305 c 6
 145 391 l 6
 140.333007812 395.666992188 134.666992188 398 128 398 c 132
 121.333007812 398 115.666992188 395.666992188 111 391 c 6
 25 305 l 6
 17.6669921875 297.666992188 16 289 20 279 c 132
 24 269 31.3330078125 264 42 264 c 6
 88 264 l 5
 214 264 l 5
168 135 m 1
 214 135 l 2
 225 135 232 130 236 120 c 128
 240 110 238.333007812 101.333007812 231 94 c 2
 145 8 l 2
 140.333007812 3.3330078125 134.666992188 1 128 1 c 128
 121.333007812 1 115.666992188 3.3330078125 111 8 c 2
 25 94 l 2
 17.6669921875 101.333007812 16 110 20 120 c 128
 24 130 31.3330078125 135 42 135 c 2
 88 135 l 1
 168 135 l 1
EndSplineSet
EndChar

StartChar: uni21CE
Encoding: 8654 8654 22
Width: 640
Flags: HW
LayerCount: 2
Fore
SplineSet
279 -64 m 2
 218 -46 l 2
 210 -44 207.333333333 -39 210 -31 c 2
 346 439 l 2
 348 447 353 450 361 448 c 2
 422 430 l 2
 430 428 432.666666667 423 430 415 c 2
 294 -55 l 2
 291.333333333 -63 286.333333333 -66 279 -64 c 2
165 49 m 2
 159.666666667 43 154 42.6666666667 148 48 c 2
 4 183 l 2
 -2.66666666667 189 -2.66666666667 195 4 201 c 2
 148 336 l 2
 154 341.333333333 159.666666667 341 165 335 c 2
 208 289 l 2
 214 283 214 277.333333333 208 272 c 2
 117 192 l 1
 208 112 l 2
 214 106.666666667 214 101 208 95 c 2
 165 49 l 2
492 48 m 2
 486 42.6666666667 480.333333333 43 475 49 c 2
 432 95 l 2
 426 101 426 106.666666667 432 112 c 2
 523 192 l 1
 432 272 l 2
 426 277.333333333 426 283 432 289 c 2
 475 335 l 2
 480.333333333 341 486 341.333333333 492 336 c 2
 636 201 l 2
 642.666666667 195 642.666666667 189 636 183 c 2
 492 48 l 2
EndSplineSet
EndChar

StartChar: uni22B6
Encoding: 8886 8886 23
Width: 576
Flags: HW
LayerCount: 2
Fore
SplineSet
384 384 m 2
 437.333333333 384 482.666666667 365.333333333 520 328 c 128
 557.333333333 290.666666667 576 245.333333333 576 192 c 128
 576 138.666666667 557.333333333 93.3333333333 520 56 c 128
 482.666666667 18.6666666667 437.333333333 0 384 0 c 2
 192 0 l 2
 138.666666667 0 93.3333333333 18.6666666667 56 56 c 128
 18.6666666667 93.3333333333 0 138.666666667 0 192 c 128
 0 245.333333333 18.6666666667 290.666666667 56 328 c 128
 93.3333333333 365.333333333 138.666666667 384 192 384 c 2
 384 384 l 2
384 64 m 128
 419.333333333 64 449.5 76.5 474.5 101.5 c 128
 499.5 126.5 512 156.666666667 512 192 c 128
 512 227.333333333 499.5 257.5 474.5 282.5 c 128
 449.5 307.5 419.333333333 320 384 320 c 128
 348.666666667 320 318.5 307.5 293.5 282.5 c 128
 268.5 257.5 256 227.333333333 256 192 c 128
 256 156.666666667 268.5 126.5 293.5 101.5 c 128
 318.5 76.5 348.666666667 64 384 64 c 128
EndSplineSet
EndChar

StartChar: uni22B7
Encoding: 8887 8887 24
Width: 576
Flags: HW
LayerCount: 2
Fore
SplineSet
384 384 m 2
 437.333333333 384 482.666666667 365.333333333 520 328 c 128
 557.333333333 290.666666667 576 245.333333333 576 192 c 128
 576 138.666666667 557.333333333 93.3333333333 520 56 c 128
 482.666666667 18.6666666667 437.333333333 0 384 0 c 2
 192 0 l 2
 138.666666667 0 93.3333333333 18.6666666667 56 56 c 128
 18.6666666667 93.3333333333 0 138.666666667 0 192 c 128
 0 245.333333333 18.6666666667 290.666666667 56 328 c 128
 93.3333333333 365.333333333 138.666666667 384 192 384 c 2
 384 384 l 2
64 192 m 128
 64 156.666666667 76.5 126.5 101.5 101.5 c 128
 126.5 76.5 156.666666667 64 192 64 c 128
 227.333333333 64 257.5 76.5 282.5 101.5 c 128
 307.5 126.5 320 156.666666667 320 192 c 128
 320 227.333333333 307.5 257.5 282.5 282.5 c 128
 257.5 307.5 227.333333333 320 192 320 c 128
 156.666666667 320 126.5 307.5 101.5 282.5 c 128
 76.5 257.5 64 227.333333333 64 192 c 128
384 64 m 2
 419.333333333 64 449.5 76.5 474.5 101.5 c 128
 499.5 126.5 512 156.666666667 512 192 c 128
 512 227.333333333 499.5 257.5 474.5 282.5 c 128
 449.5 307.5 419.333333333 320 384 320 c 2
 335 320 l 1
 367.666666667 283.333333333 384 240.666666667 384 192 c 128
 384 143.333333333 367.666666667 100.666666667 335 64 c 1
 384 64 l 2
EndSplineSet
EndChar

StartChar: uni22B8
Encoding: 8888 8888 25
Width: 640
Flags: HW
LayerCount: 2
Fore
SplineSet
128 192 m 128
 128 181.333333333 129 170.666666667 131 160 c 1
 12 160 l 2
 4 160 0 164 0 172 c 2
 0 212 l 2
 0 220 4 224 12 224 c 2
 131 224 l 1
 129 213.333333333 128 202.666666667 128 192 c 128
628 224 m 2
 636 224 640 220 640 212 c 2
 640 172 l 2
 640 164 636 160 628 160 c 2
 509 160 l 1
 511 170.666666667 512 181.333333333 512 192 c 0
 512 203.333333333 511 214 509 224 c 1
 628 224 l 2
320 234 m 128
 308.666666667 234 298.833333333 229.833333333 290.5 221.5 c 128
 282.166666667 213.166666667 278 203.333333333 278 192 c 128
 278 180.666666667 282.166666667 170.833333333 290.5 162.5 c 128
 298.833333333 154.166666667 308.666666667 150 320 150 c 128
 331.333333333 150 341.166666667 154.166666667 349.5 162.5 c 128
 357.833333333 170.833333333 362 180.666666667 362 192 c 128
 362 203.333333333 357.833333333 213.166666667 349.5 221.5 c 128
 341.166666667 229.833333333 331.333333333 234 320 234 c 128
320 352 m 128
 364 352 401.666666667 336.333333333 433 305 c 128
 464.333333333 273.666666667 480 236 480 192 c 128
 480 148 464.333333333 110.333333333 433 79 c 128
 401.666666667 47.6666666667 364 32 320 32 c 128
 276 32 238.333333333 47.6666666667 207 79 c 128
 175.666666667 110.333333333 160 148 160 192 c 128
 160 236 175.666666667 273.666666667 207 305 c 128
 238.333333333 336.333333333 276 352 320 352 c 128
EndSplineSet
EndChar

StartChar: u1F5CB
Encoding: 128459 128459 26
Width: 384
Flags: HW
LayerCount: 2
Fore
SplineSet
370 350 m 2
 379.333333333 340.666666667 384 329.333333333 384 316 c 2
 384 -16 l 2
 384 -29.3333333333 379.333333333 -40.6666666667 370 -50 c 128
 360.666666667 -59.3333333333 349.333333333 -64 336 -64 c 2
 48 -64 l 2
 34.6666666667 -64 23.3333333333 -59.3333333333 14 -50 c 128
 4.66666666667 -40.6666666667 0 -29.3333333333 0 -16 c 2
 0 400 l 2
 0 413.333333333 4.66666666667 424.666666667 14 434 c 128
 23.3333333333 443.333333333 34.6666666667 448 48 448 c 2
 252 448 l 2
 265.333333333 448 276.666666667 443.333333333 286 434 c 2
 370 350 l 2
332 320 m 1
 256 396 l 1
 256 320 l 1
 332 320 l 1
48 -16 m 1
 336 -16 l 1
 336 272 l 1
 232 272 l 2
 225.333333333 272 219.666666667 274.333333333 215 279 c 128
 210.333333333 283.666666667 208 289.333333333 208 296 c 2
 208 400 l 1
 48 400 l 1
 48 -16 l 1
EndSplineSet
EndChar

StartChar: u1F5CE
Encoding: 128462 128462 27
Width: 384
Flags: HW
LayerCount: 2
Fore
SplineSet
288 200 m 2
 288 172 l 2
 288 164 284 160 276 160 c 2
 108 160 l 2
 100 160 96 164 96 172 c 2
 96 200 l 2
 96 208 100 212 108 212 c 2
 276 212 l 2
 284 212 288 208 288 200 c 2
276 128 m 2
 284 128 288 124 288 116 c 2
 288 88 l 2
 288 80 284 76 276 76 c 2
 108 76 l 2
 100 76 96 80 96 88 c 2
 96 116 l 2
 96 124 100 128 108 128 c 2
 276 128 l 2
384 316 m 2
 384 -16 l 2
 384 -29.3333333333 379.333333333 -40.6666666667 370 -50 c 128
 360.666666667 -59.3333333333 349.333333333 -64 336 -64 c 2
 48 -64 l 2
 34.6666666667 -64 23.3333333333 -59.3333333333 14 -50 c 128
 4.66666666667 -40.6666666667 0 -29.3333333333 0 -16 c 2
 0 400 l 2
 0 413.333333333 4.66666666667 424.666666667 14 434 c 128
 23.3333333333 443.333333333 34.6666666667 448 48 448 c 2
 252 448 l 2
 265.333333333 448 276.666666667 443.333333333 286 434 c 2
 370 350 l 2
 379.333333333 340.666666667 384 329.333333333 384 316 c 2
256 396 m 1
 256 320 l 1
 332 320 l 1
 256 396 l 1
336 -16 m 1
 336 272 l 1
 232 272 l 2
 225.333333333 272 219.666666667 274.333333333 215 279 c 128
 210.333333333 283.666666667 208 289.333333333 208 296 c 2
 208 400 l 1
 48 400 l 1
 48 -16 l 1
 336 -16 l 1
EndSplineSet
EndChar

StartChar: u1F4C5
Encoding: 128197 128197 28
Width: 448
Flags: HW
LayerCount: 2
Fore
SplineSet
148 160 m 2
 108 160 l 2
 100 160 96 164 96 172 c 2
 96 212 l 2
 96 220 100 224 108 224 c 2
 148 224 l 2
 156 224 160 220 160 212 c 2
 160 172 l 2
 160 164 156 160 148 160 c 2
256 172 m 2
 256 164 252 160 244 160 c 2
 204 160 l 2
 196 160 192 164 192 172 c 2
 192 212 l 2
 192 220 196 224 204 224 c 2
 244 224 l 2
 252 224 256 220 256 212 c 2
 256 172 l 2
352 172 m 2
 352 164 348 160 340 160 c 2
 300 160 l 2
 292 160 288 164 288 172 c 2
 288 212 l 2
 288 220 292 224 300 224 c 2
 340 224 l 2
 348 224 352 220 352 212 c 2
 352 172 l 2
256 76 m 2
 256 68 252 64 244 64 c 2
 204 64 l 2
 196 64 192 68 192 76 c 2
 192 116 l 2
 192 124 196 128 204 128 c 2
 244 128 l 2
 252 128 256 124 256 116 c 2
 256 76 l 2
160 76 m 2
 160 68 156 64 148 64 c 2
 108 64 l 2
 100 64 96 68 96 76 c 2
 96 116 l 2
 96 124 100 128 108 128 c 2
 148 128 l 2
 156 128 160 124 160 116 c 2
 160 76 l 2
352 76 m 2
 352 68 348 64 340 64 c 2
 300 64 l 2
 292 64 288 68 288 76 c 2
 288 116 l 2
 288 124 292 128 300 128 c 2
 340 128 l 2
 348 128 352 124 352 116 c 2
 352 76 l 2
448 336 m 2
 448 -16 l 2
 448 -29.3333333333 443.333333333 -40.6666666667 434 -50 c 128
 424.666666667 -59.3333333333 413.333333333 -64 400 -64 c 2
 48 -64 l 2
 34.6666666667 -64 23.3333333333 -59.3333333333 14 -50 c 128
 4.66666666667 -40.6666666667 0 -29.3333333333 0 -16 c 2
 0 336 l 2
 0 349.333333333 4.66666666667 360.666666667 14 370 c 128
 23.3333333333 379.333333333 34.6666666667 384 48 384 c 2
 96 384 l 1
 96 436 l 2
 96 444 100 448 108 448 c 2
 148 448 l 2
 156 448 160 444 160 436 c 2
 160 384 l 1
 288 384 l 1
 288 436 l 2
 288 444 292 448 300 448 c 2
 340 448 l 2
 348 448 352 444 352 436 c 2
 352 384 l 1
 400 384 l 2
 413.333333333 384 424.666666667 379.333333333 434 370 c 128
 443.333333333 360.666666667 448 349.333333333 448 336 c 2
400 -10 m 2
 400 288 l 1
 48 288 l 1
 48 -10 l 2
 48 -14 50 -16 54 -16 c 2
 394 -16 l 2
 398 -16 400 -14 400 -10 c 2
EndSplineSet
EndChar

StartChar: uni26EF
Encoding: 9967 9967 29
Width: 384
Flags: HW
LayerCount: 2
Fore
SplineSet
172 -54 m 0
 156 -30.6666666667 137.833333333 -4.33333333333 117.5 25 c 128
 97.1666666667 54.3333333333 82.6666666667 75 74 87 c 128
 65.3333333333 99 55.3333333333 113.833333333 44 131.5 c 128
 32.6666666667 149.166666667 25.1666666667 161.666666667 21.5 169 c 128
 17.8333333333 176.333333333 13.8333333333 185.666666667 9.5 197 c 128
 5.16666666667 208.333333333 2.5 218.166666667 1.5 226.5 c 128
 0.5 234.833333333 0 244.666666667 0 256 c 0
 0 309.333333333 18.6666666667 354.666666667 56 392 c 128
 93.3333333333 429.333333333 138.666666667 448 192 448 c 128
 245.333333333 448 290.666666667 429.333333333 328 392 c 128
 365.333333333 354.666666667 384 309.333333333 384 256 c 0
 384 244.666666667 383.5 234.833333333 382.5 226.5 c 128
 381.5 218.166666667 378.833333333 208.333333333 374.5 197 c 128
 370.166666667 185.666666667 366.166666667 176.333333333 362.5 169 c 128
 358.833333333 161.666666667 351.333333333 149.166666667 340 131.5 c 128
 328.666666667 113.833333333 318.666666667 99 310 87 c 128
 301.333333333 75 286.833333333 54.3333333333 266.5 25 c 128
